13.107110977172852
56.0416374206543
59.347198486328125
30.416933059692383
59.605506896972656
63.39402770996094
49.20379638671875
48.086708068847656
40.08425521850586
36.811527252197266
55.18360137939453
13.979487419128418
10.524622917175293
27.92852210998535
68.03938293457031
56.60997772216797
36.10840606689453
14.0556001663208
13.069807052612305
12.332549095153809
30.22898292541504
50.627166748046875
67.33135986328125
32.880859375
46.2088508605957
30.976091384887695
21.050527572631836
59.96171188354492
29.50381851196289
69.2998275756836
33.768428802490234
27.706865310668945
37.53546142578125
59.82923889160156
34.11982345581055
37.65217971801758
61.968257904052734
35.27679443359375
40.116233825683594
26.842212677001953
57.08263397216797
37.831844329833984
48.39487075805664
61.69590377807617
49.146175384521484
61.261558532714844
28.387351989746094
70.79918670654297
35.5877685546875
29.13404083251953
27.993005752563477
45.87602615356445
24.057435989379883
19.552631378173828
61.932090759277344
52.035797119140625
38.37975311279297
45.85929489135742
23.854724884033203
34.767154693603516
15.334972381591797
49.36066436767578
30.21635627746582
46.109405517578125
65.31529998779297
40.07505798339844
45.33549880981445
36.185359954833984
35.955326080322266
60.085453033447266
12.550467491149902
13.486506462097168
12.064326286315918
67.68585968017578
30.7466983795166
49.00140380859375
43.405181884765625
58.99140167236328
41.41883087158203
49.3571662902832
29.690526962280273
41.424583435058594
44.52113342285156
46.30784606933594
38.67169952392578
57.11076354980469
12.456170082092285
21.537174224853516
59.08018493652344
52.178489685058594
48.728023529052734
44.590492248535156
66.12802124023438
56.945281982421875
47.518150329589844
37.7589111328125
51.014129638671875
22.983797073364258
71.42671966552734
23.01913070678711
35.36842346191406
12.296319007873535
32.076847076416016
31.02621841430664
17.803682327270508
39.664703369140625
15.82117748260498
23.37396812438965
42.15522003173828
60.15676498413086
59.551055908203125
38.592140197753906
19.945096969604492
33.832427978515625
41.794166564941406
55.60127639770508
23.82426643371582
13.207001686096191
64.91077423095703
70.57141876220703
29.92818260192871
31.037120819091797
70.10440826416016
21.14986801147461
37.03679275512695
38.048126220703125
30.802871704101562
38.05562210083008
45.24534606933594
14.697306632995605
57.420955657958984
37.64302444458008
25.894296646118164
23.8572940826416
24.615015029907227
35.580657958984375
13.798365592956543
21.45214080810547
49.920989990234375
57.75450134277344
15.468730926513672
25.994224548339844
37.992942810058594
39.87847137451172
48.303627014160156
40.35634994506836
62.366539001464844
31.711261749267578
26.387054443359375
36.94879913330078
29.96297264099121
41.43246078491211
11.91285228729248
36.31141662597656
37.38811492919922
33.05979537963867
64.5416488647461
38.831947326660156
26.6637020111084
43.45793914794922
38.455718994140625
67.21019744873047
36.91172790527344
38.38693618774414
26.377775192260742
54.23029327392578
66.0088882446289
47.97819137573242
49.9033088684082
63.817527770996094
61.260311126708984
31.477663040161133
28.72490119934082
17.14900016784668
46.965980529785156
49.67286682128906
58.66351318359375
13.959002494812012
66.52816009521484
25.644746780395508
31.267789840698242
57.207481384277344
34.996490478515625
38.344566345214844
38.364013671875
71.41989135742188
44.29142379760742
38.34150314331055
41.640113830566406
69.66433715820312
13.210606575012207
12.534972190856934
63.091068267822266
57.09239196777344
41.50712203979492
72.54113006591797
23.76546287536621
48.062294006347656
32.18032455444336
17.951255798339844
47.12846755981445
72.35700225830078
39.20280075073242
53.301780700683594
23.627914428710938
53.223262786865234
12.248065948486328
41.82750701904297
26.5715274810791
40.98362731933594
30.793521881103516
45.85166549682617
53.77183532714844
29.870454788208008
13.801177024841309
51.85645294189453
16.35098648071289
39.67860794067383
23.21424674987793
60.38431167602539
48.149314880371094
39.89521408081055
28.872739791870117
51.51412582397461
55.421302795410156
36.314666748046875
46.58273696899414
46.943809509277344
59.714778900146484
40.31754684448242
37.474788665771484
30.979162216186523
33.67621612548828
17.74898910522461
27.487512588500977
25.97069549560547
49.8587646484375
47.04621505737305
49.95785903930664
49.15864944458008
35.378719329833984
32.368167877197266
29.875045776367188
50.090065002441406
40.50981903076172
37.22055435180664
57.6548957824707
65.23786163330078
71.85009765625
33.360267639160156
13.469450950622559
47.799835205078125
28.624662399291992
66.78557586669922
65.72710418701172
56.9550895690918
40.57050323486328
40.709678649902344
43.62727737426758
34.92533874511719
39.27826690673828
49.996856689453125
35.13529586791992
61.97856903076172
69.78882598876953
49.849464416503906
55.82381820678711
37.39860916137695
64.54277801513672
67.519775390625
33.67499542236328
47.75050354003906
41.65234375
35.92399597167969
22.364721298217773
12.527981758117676
36.658660888671875
61.67054748535156
60.030052185058594
26.567401885986328
25.452646255493164
30.133825302124023
23.48531150817871
28.205909729003906
14.935482025146484
63.335880279541016
46.28654479980469
19.82192039489746
33.76659393310547
39.453857421875
27.17088508605957
42.93480682373047
38.268531799316406
56.95851135253906
40.171302795410156
31.730554580688477
38.71638870239258
41.473060607910156
26.81073570251465
28.57550621032715
45.585609436035156
34.49778747558594
26.64104652404785
58.63133239746094
77.03217315673828
58.080039978027344
68.40509796142578
70.08699798583984
43.756317138671875
29.753780364990234
24.09126853942871
46.82905960083008
20.8049259185791
42.04625701904297
22.046049118041992
64.31510925292969
66.82962036132812
27.483030319213867
68.04086303710938
48.21287536621094
13.29394817352295
52.463050842285156
14.476581573486328
35.89643096923828
38.72578430175781
28.438512802124023
41.66380310058594
66.58609771728516
47.55382537841797
30.33386993408203
